! 0 200 200 1665 1
PAGE-WIDTH 576
;顺丰派件存根
LINE 0 40 544 40 1
;一维条码
B 128 3 2 120 80 54 000000000000
TEXT 4 0 105 182 000  000  000  000
BOX 0 224 544 776 1

LINE 0 356 544 356 1
LINE 0 496 544 496 1
LINE 0 579 544 579 1
LINE 0 681 544 681 1
LINE 0 744 544 744 1
LINE 408 296 544 296 1
LINE 408 224 408 496 1

LINE 272 496 272 744 1

LINE 272 599 544 599 1
LINE 272 619 544 619 1
LINE 272 640 544 640 1
LINE 272 660 544 660 1

LINE 136 681 136 744 1
LINE 408 579 408 744 1

SETBOLD 1
TEXT 55 0 16 228 寄件方信息：
TEXT 55 0 432 232 自取
TEXT 55 0 432 264 自寄
TEXT 55 0 420 300 原寄地
SETBOLD 0
TEXT 55 0 16 256 深圳市福永仓储配送仓库
TEXT 55 0 16 292 天猫华为官方旗舰店  王超
TEXT 55 0 16 320 0755-33913633
TEXT 55 0 452 326 755CT
BOX 492 228 516 252 1
BOX 492 262 516 286 1
SETBOLD 1
TEXT 24 0 16 360 收件方信息：
TEXT 24 0 420 360 目的地
SETBOLD 0
TEXT 24 0 16 384 河南南阳镇平县镇平县城关二小
TEXT 24 0 16 412 个人 许建 15838729023
SETBOLD 1
TEXT 4 1 432 384 377
SETBOLD 1
TEXT 55 0 16 500 托寄物品信息：
TEXT 55 0 288 500 附加服务：
SETBOLD 0
TEXT 55 0 40 528 电脑1台
TEXT 55 0 320 528 保价1000元
SETBOLD 1
TEXT 55 0 16 582 业务类型:
TEXT 55 0 16 606 付款方式：
TEXT 55 0 16 630 月结账号：
TEXT 55 0 16 654 第三方地区：
TEXT 55 0 288 582 件数
TEXT 55 0 288 602 实际重量
TEXT 55 0 288 622 费用
TEXT 55 0 288 642 计费重量
TEXT 55 0 288 662 费用合计
SETBOLD 0
TEXT 55 0 136 582 标准快递
TEXT 55 0 424 582 1
TEXT 55 0 136 606 寄付
TEXT 55 0 424 602 1
TEXT 55 0 136 630 7551234567
TEXT 55 0 424 622 1
TEXT 55 0 424 642 12
TEXT 55 0 424 662 12
SETBOLD 1
TEXT 55 0 16 684 寄方签名：
TEXT 55 0 152 684 收件员：
TEXT 55 0 288 684 收方签名：
TEXT 55 0 424 684 派件员：
SETBOLD 0
TEXT 55 0 152 722 123456
SETBOLD 1
TEXT 55 0 16 748 寄件日期：
TEXT 55 0 288 748 派件日期：
SETBOLD 0
;TEXT 55 0 136 760 2013/04/31
;TEXT 55 0 408 760 2013/05/04
SETBOLD 1
TEXT 8 0 548 592 顺
TEXT 8 0 548 624 丰
TEXT 8 0 548 656 派
TEXT 8 0 548 688 件
TEXT 8 0 548 720 存
TEXT 8 0 548 752 根

;收件客户存根

BOX 0 816 544 1136 1
LINE 0 840 544 840 1
LINE 0 984 544 984 1
LINE 0 1072 400 1072 1
LINE 0 1104 400 1104 1
LINE 272 816 272 984 1
LINE 400 984 400 1136 1
SETBOLD 1
TEXT 55 0 16 820 顺丰速运
TEXT 55 0 288 820 运单号码:
TEXT 55 0 16 848 寄件方信息：
TEXT 55 0 288 848 托寄物信息：
TEXT 55 0 16 988 收件方信息：
TEXT 55 0 416 988 顺丰APPS
TEXT 55 0 16 1076 费用合计:
TEXT 55 0 16 1108 付款方式：
SETBOLD 0
TEXT 55 0 128 820 4008111111
TEXT 55 0 398 820 000000000000
TEXT 55 0 16 876 深圳市福永仓储配送仓
TEXT 55 0 16 904 库深圳天猫华为官方旗
TEXT 55 0 16 932 舰店 王超 15838729023
TEXT 55 0 16 960 0755-33913633 
TEXT 55 0 312 884 电脑1台
TEXT 55 0 16 1016 河南南阳镇平县镇平县城关二小河南
TEXT 55 0 16 1044 城关二小 个人 许建 15838729023
TEXT 55 0 152 1080 12
TEXT 55 0 152 1112 寄付
B QR 410 1008 M 2 U 3 
MA,TO: 河南南阳镇平县镇平县城关二小 许建 15838729023 1/1件，电脑，数量1，1KG；标准快递；运费12元`
ENDQR
SETBOLD 1
TEXT 8 0 548 884 收
TEXT 8 0 548 916 件
TEXT 8 0 548 948 客
TEXT 8 0 548 980 户
TEXT 8 0 548 1012 存
TEXT 8 0 548 1044 根

;寄件客户存根


BOX 0 1168 544 1664 1

LINE 0 1272 544 1272 1
LINE 0 1336 544 1336 1
LINE 0 1440 544 1440 1
LINE 0 1504 544 1504 1

LINE 272 1536 544 1536 1 
LINE 272 1568 544 1568 1 
LINE 272 1600 544 1600 1 
LINE 272 1632 544 1632 1

LINE 408 1272 408 1336 1

LINE 272 1440 272 1664 1 
LINE 408 1440 408 1664 1 

B 128 3 2 40 80 1180 000000000000
TEXT 4 0 105 1224 000  000  000  000
SETBOLD 1
TEXT 55 0 16 1276 寄件方信息：
TEXT 55 0 416 1276 目的地
TEXT 55 0 16 1340 收件方信息：
TEXT 55 0 16 1444 托寄物品信息：
TEXT 55 0 288 1444 附加服务：
TEXT 55 0 16 1512 业务类型：
TEXT 55 0 16 1552 付款方式：
TEXT 55 0 16 1592 月结账号：
TEXT 55 0 16 1632 第三方地区：
TEXT 55 0 288 1508 件数
TEXT 55 0 288 1540 实际重量
TEXT 55 0 288 1572 计费重量
TEXT 55 0 288 1604 费用
TEXT 55 0 288 1636 费用合计
SETBOLD 0
TEXT 55 0 16 1308 王超0755-33913633 15838729023
TEXT 55 0 474 1308 377
TEXT 55 0 16 1372 河南南阳镇平县镇平县城关二小河南 
TEXT 55 0 16 1412 城关二小  个人 许建 15838729023
TEXT 55 0 40 1476 电脑1台
TEXT 55 0 312 1484 保价1000元
TEXT 55 0 136 1516 标准快递
TEXT 55 0 136 1556 寄付
TEXT 55 0 136 1596 7551234567 
TEXT 55 0 424 1512 1
TEXT 55 0 424 1544 1
TEXT 55 0 424 1576 1
TEXT 55 0 424 1608 12
TEXT 55 0 424 1640 12
SETBOLD 1
TEXT 8 0 548 1464 寄
TEXT 8 0 548 1496 件
TEXT 8 0 548 1528 客
TEXT 8 0 548 1560 户
TEXT 8 0 548 1592 存
TEXT 8 0 548 1624 根
SETBOLD 0
GAP-SENSE
FORM
PRINT 
